1.000339 -0.000063 -0.000379 0.000058 0.000788 0.000242 -0.000571 -0.000719 -0.000008 0.000552 -0.001844 0.001164 0.003879 -0.002141 -0.005097 0.002246 0.004526 -0.002467 -0.001953 0.003410 -0.001276 -0.003416 0.003030 0.001120 -0.002709 0.001464 0.000585 -0.001083 0.000552 -0.000732 0.000195 0.000573 -0.000515 0.000149
-0.000063 1.000088 -0.000047 -0.000002 0.000067 0.000091 -0.000347 -0.000179 0.000619 0.000228 -0.000281 -0.000274 0.000003 0.000160 0.000106 -0.000105 -0.000499 0.000532 0.001405 -0.002018 -0.001638 0.002876 0.000447 -0.001765 0.000569 0.000078 -0.000230 0.000447 -0.000206 -0.000116 0.000160 -0.000018 0.000003 -0.000031
-0.000379 -0.000047 1.000657 -0.000077 -0.001476 -0.000318 0.001653 0.001023 -0.000898 -0.000987 0.002200 -0.000876 -0.003921 0.002003 0.005159 -0.002165 -0.004388 0.002076 0.000933 -0.001474 0.003139 0.000375 -0.004652 0.001444 0.003414 -0.002797 -0.000567 0.001155 -0.000731 0.001259 -0.000538 -0.000642 0.000834 -0.000335
0.000058 -0.000002 -0.000077 1.000011 0.000150 0.000066 -0.000131 -0.000172 0.000044 0.000142 -0.000340 0.000181 0.000687 -0.000371 -0.000904 0.000391 0.000756 -0.000380 -0.000187 0.000377 -0.000440 -0.000283 0.000643 -0.000004 -0.000471 0.000282 0.000095 -0.000143 0.000082 -0.000161 0.000058 0.000102 -0.000100 0.000031
0.000788 0.000067 -0.001476 0.000150 1.003945 -0.000121 -0.004569 -0.000821 0.002079 0.001189 -0.002993 0.001118 0.004684 -0.002321 -0.006385 0.002584 0.006759 -0.003484 -0.004194 0.004325 -0.001861 -0.003050 0.007930 -0.002647 -0.008051 0.007622 0.001278 -0.003809 0.002381 -0.002436 0.001003 0.001033 -0.001974 0.001057
0.000242 0.000091 -0.000318 0.000066 -0.000121 1.001277 0.000314 -0.002469 0.000309 0.001882 -0.003136 0.001299 0.006465 -0.003415 -0.008317 0.003574 0.005306 -0.002023 0.002741 -0.001482 -0.008388 0.003682 0.005538 -0.002045 -0.001154 -0.000351 0.000281 0.001174 -0.000618 -0.001173 0.000571 0.000755 -0.000287 -0.000172
-0.000571 -0.000347 0.001653 -0.000131 -0.004569 0.000314 1.006406 0.000585 -0.004803 -0.001336 0.004653 -0.000304 -0.005150 0.001788 0.006310 -0.002391 -0.005838 0.002370 0.001040 0.000548 0.005431 -0.004316 -0.008306 0.007662 0.005814 -0.008446 -0.000274 0.003088 -0.001935 0.002493 -0.001394 -0.001023 0.001947 -0.000873
-0.000719 -0.000179 0.001023 -0.000172 -0.000821 -0.002469 0.000585 1.005071 -0.001216 -0.003983 0.007537 -0.003131 -0.014970 0.007830 0.019267 -0.008270 -0.013266 0.005510 -0.003836 0.000848 0.017049 -0.005434 -0.013106 0.004149 0.004429 -0.001280 -0.000883 -0.001158 0.000586 0.002918 -0.001352 -0.001871 0.001079 0.000129
-0.000008 0.000619 -0.000898 0.000044 0.002079 0.000309 -0.004803 -0.001216 1.007515 0.001564 -0.010785 0.001123 0.013616 -0.005016 -0.015298 0.006406 0.009936 -0.003613 0.005689 -0.005493 -0.015066 0.012630 0.006612 -0.009706 0.003340 0.002439 -0.002124 0.000993 -0.001187 -0.001026 0.001212 0.001448 -0.000337 -0.000928
0.000552 0.000228 -0.000987 0.000142 0.001189 0.001882 -0.001336 -0.003983 0.001564 1.003310 -0.005436 0.001903 0.010382 -0.005335 -0.013444 0.005662 0.009021 -0.003379 0.003829 -0.002668 -0.013936 0.006952 0.010948 -0.005452 -0.003948 0.002136 0.000674 0.000824 -0.000245 -0.002621 0.001300 0.001367 -0.001082 0.000121
-0.001844 -0.000281 0.002200 -0.000340 -0.002993 -0.003136 0.004653 0.007537 -0.010785 -0.005436 1.038729 -0.013992 -0.064980 0.030837 0.078478 -0.034640 -0.059483 0.029721 0.002808 -0.022112 0.038852 0.011684 -0.025830 -0.003631 0.001658 -0.001248 0.001532 0.001383 0.002428 0.003274 -0.001654 -0.007287 0.001103 0.003541
0.001164 -0.000274 -0.000876 0.000181 0.001118 0.001299 -0.000304 -0.003131 0.001123 0.001903 -0.013992 1.006970 0.026346 -0.013482 -0.032712 0.014640 0.026529 -0.014308 -0.006846 0.017154 -0.010084 -0.016414 0.010614 0.008425 -0.004919 0.000786 0.000891 -0.002488 0.000127 -0.001477 0.000215 0.003122 -0.000783 -0.001030
0.003879 0.000003 -0.003921 0.000687 0.004684 0.006465 -0.005150 -0.014970 0.013616 0.010382 -0.064980 0.026346 1.114228 -0.055922 -0.139693 0.061857 0.107377 -0.054552 -0.010134 0.046980 -0.064532 -0.032505 0.048324 0.014011 -0.009766 0.002048 -0.000159 -0.003882 -0.003080 -0.006736 0.002632 0.013069 -0.002558 -0.005497
-0.002141 0.000160 0.002003 -0.000371 -0.002321 -0.003415 0.001788 0.007830 -0.005016 -0.005335 0.030837 -0.013482 -0.055922 1.027929 0.068974 -0.030598 -0.053650 0.027577 0.007016 -0.025973 0.030101 0.020177 -0.024803 -0.009317 0.007407 -0.001378 -0.000808 0.002634 0.000965 0.003698 -0.001227 -0.006509 0.001549 0.002391
-0.005097 0.000106 0.005159 -0.000904 -0.006385 -0.008317 0.006310 0.019267 -0.015298 -0.013444 0.078478 -0.032712 -0.139693 0.068974 1.171621 -0.075967 -0.132561 0.067463 0.014104 -0.059509 0.078717 0.042476 -0.062114 -0.017972 0.016044 -0.004205 -0.000958 0.005752 0.002896 0.009255 -0.003456 -0.016187 0.003810 0.006154
0.002246 -0.000105 -0.002165 0.000391 0.002584 0.003574 -0.002391 -0.008270 0.006406 0.005662 -0.034640 0.014640 0.061857 -0.030598 -0.075967 1.033682 0.058873 -0.030164 -0.007030 0.027618 -0.033620 -0.020688 0.026616 0.009340 -0.006832 0.001372 0.000428 -0.002669 -0.001299 -0.003821 0.001350 0.007143 -0.001552 -0.002807
0.004526 -0.000499 -0.004388 0.000756 0.006759 0.005306 -0.005838 -0.013266 0.009936 0.009021 -0.059483 0.026529 0.107377 -0.053650 -0.132561 0.058873 1.105838 -0.055514 -0.020995 0.058433 -0.050123 -0.049649 0.047369 0.021732 -0.018655 0.007052 0.002320 -0.009107 0.000264 -0.007303 0.002171 0.012780 -0.003846 -0.003986
-0.002467 0.000532 0.002076 -0.000380 -0.003484 -0.002023 0.002370 0.005510 -0.003613 -0.003379 0.029721 -0.014308 -0.054552 0.027577 0.067463 -0.030164 -0.055514 1.030153 0.016045 -0.037087 0.018844 0.035570 -0.021648 -0.017078 0.010841 -0.003692 -0.001682 0.006530 -0.000931 0.003059 -0.000488 -0.006542 0.001921 0.001987
-0.001953 0.001405 0.000933 -0.000187 -0.004194 0.002741 0.001040 -0.003836 0.005689 0.003829 0.002808 -0.006846 -0.010134 0.007016 0.014104 -0.007030 -0.020995 0.016045 1.031813 -0.044214 -0.027742 0.057435 0.000525 -0.029088 0.016924 -0.008107 -0.004394 0.013454 -0.006350 -0.000088 0.001897 -0.001962 0.002095 -0.001171
0.003410 -0.002018 -0.001474 0.000377 0.004325 -0.001482 0.000548 0.000848 -0.005493 -0.002668 -0.022112 0.017154 0.046980 -0.025973 -0.059509 0.027618 0.058433 -0.037087 -0.044214 1.073140 0.018979 -0.087895 0.009361 0.046913 -0.021195 0.006232 0.005308 -0.017027 0.006104 -0.000393 -0.002498 0.006142 -0.002329 -0.000837
-0.001276 -0.001638 0.003139 -0.000440 -0.001861 -0.008388 0.005431 0.017049 -0.015066 -0.013936 0.038852 -0.010084 -0.064532 0.030101 0.078717 -0.033620 -0.050123 0.018844 -0.027742 0.018979 1.078300 -0.044943 -0.043644 0.028507 -0.001502 0.000123 0.002573 -0.009943 0.006684 0.008234 -0.005333 -0.007117 0.001748 0.003187
-0.003416 0.002876 0.000375 -0.000283 -0.003050 0.003682 -0.004316 -0.005434 0.012630 0.006952 0.011684 -0.016414 -0.032505 0.020177 0.042476 -0.020688 -0.049649 0.035570 0.057435 -0.087895 -0.044943 1.113185 0.003134 -0.063207 0.024026 -0.004909 -0.007097 0.021160 -0.008423 -0.002217 0.004630 -0.004599 0.001771 0.000062
0.003030 0.000447 -0.004652 0.000643 0.007930 0.005538 -0.008306 -0.013106 0.006612 0.010948 -0.025830 0.010614 0.048324 -0.024803 -0.062114 0.026616 0.047369 -0.021648 0.000525 0.009361 -0.043644 0.003134 1.043284 -0.010818 -0.022205 0.014082 0.003798 -0.003670 0.002077 -0.010268 0.004496 0.006600 -0.005401 0.000818
0.001120 -0.001765 0.001444 -0.000004 -0.002647 -0.002045 0.007662 0.004149 -0.009706 -0.005452 -0.003631 0.008425 0.014011 -0.009317 -0.017972 0.009340 0.021732 -0.017078 -0.029088 0.046913 0.028507 -0.063207 -0.010818 1.040199 -0.004974 -0.005720 0.002702 -0.008164 0.002257 0.004074 -0.003861 0.001556 0.001195 -0.001251
-0.002709 0.000569 0.003414 -0.000471 -0.008051 -0.001154 0.005814 0.004429 0.003340 -0.003948 0.001658 -0.004919 -0.009766 0.007407 0.016044 -0.006832 -0.018655 0.010841 0.016924 -0.021195 -0.001502 0.024026 -0.022205 -0.004974 1.028452 -0.017073 -0.006692 0.010683 -0.007170 0.007005 -0.001885 -0.002635 0.005400 -0.003538
0.001464 0.000078 -0.002797 0.000282 0.007622 -0.000351 -0.008446 -0.001280 0.002439 0.002136 -0.001248 0.000786 0.002048 -0.001378 -0.004205 0.001372 0.007052 -0.003692 -0.008107 0.006232 0.000123 -0.004909 0.014082 -0.005720 -0.017073 1.015399 0.003089 -0.007518 0.005191 -0.004863 0.001925 0.001299 -0.004007 0.002676
0.000585 -0.000230 -0.000567 0.000095 0.001278 0.000281 -0.000274 -0.000883 -0.002124 0.000674 0.001532 0.000891 -0.000159 -0.000808 -0.000958 0.000428 0.002320 -0.001682 -0.004394 0.005308 0.002573 -0.007097 0.003798 0.002702 -0.006692 0.003089 1.001833 -0.002329 0.001684 -0.001364 0.000209 0.000323 -0.001090 0.000913
-0.001083 0.000447 0.001155 -0.000143 -0.003809 0.001174 0.003088 -0.001158 0.000993 0.000824 0.001383 -0.002488 -0.003882 0.002634 0.005752 -0.002669 -0.009107 0.006530 0.013454 -0.017027 -0.009943 0.021160 -0.003670 -0.008164 0.010683 -0.007518 -0.002329 1.006965 -0.003760 0.001334 0.000095 -0.001033 0.001900 -0.001189
0.000552 -0.000206 -0.000731 0.000082 0.002381 -0.000618 -0.001935 0.000586 -0.001187 -0.000245 0.002428 0.000127 -0.003080 0.000965 0.002896 -0.001299 0.000264 -0.000931 -0.006350 0.006104 0.006684 -0.008423 0.002077 0.002257 -0.007170 0.005191 0.001684 -0.003760 1.002496 -0.001155 0.000155 0.000072 -0.001332 0.001204
-0.000732 -0.000116 0.001259 -0.000161 -0.002436 -0.001173 0.002493 0.002918 -0.001026 -0.002621 0.003274 -0.001477 -0.006736 0.003698 0.009255 -0.003821 -0.007303 0.003059 -0.000088 -0.000393 0.008234 -0.002217 -0.010268 0.004074 0.007005 -0.004863 -0.001364 0.001334 -0.001155 1.002837 -0.001227 -0.001151 0.001651 -0.000769
0.000195 0.000160 -0.000538 0.000058 0.001003 0.000571 -0.001394 -0.001352 0.001212 0.001300 -0.001654 0.000215 0.002632 -0.001227 -0.003456 0.001350 0.002171 -0.000488 0.001897 -0.002498 -0.005333 0.004630 0.004496 -0.003861 -0.001885 0.001925 0.000209 0.000095 0.000155 -0.001227 1.000676 0.000419 -0.000618 0.000243
0.000573 -0.000018 -0.000642 0.000102 0.001033 0.000755 -0.001023 -0.001871 0.001448 0.001367 -0.007287 0.003122 0.013069 -0.006509 -0.016187 0.007143 0.012780 -0.006542 -0.001962 0.006142 -0.007117 -0.004599 0.006600 0.001556 -0.002635 0.001299 0.000323 -0.001033 0.000072 -0.001151 0.000419 1.001582 -0.000600 -0.000399
-0.000515 0.000003 0.000834 -0.000100 -0.001974 -0.000287 0.001947 0.001079 -0.000337 -0.001082 0.001103 -0.000783 -0.002558 0.001549 0.003810 -0.001552 -0.003846 0.001921 0.002095 -0.002329 0.001748 0.001771 -0.005401 0.001195 0.005400 -0.004007 -0.001090 0.001900 -0.001332 0.001651 -0.000618 -0.000600 1.001188 -0.000702
0.000149 -0.000031 -0.000335 0.000031 0.001057 -0.000172 -0.000873 0.000129 -0.000928 0.000121 0.003541 -0.001030 -0.005497 0.002391 0.006154 -0.002807 -0.003986 0.001987 -0.001171 -0.000837 0.003187 0.000062 0.000818 -0.001251 -0.003538 0.002676 0.000913 -0.001189 0.001204 -0.000769 0.000243 -0.000399 -0.000702 1.000881
